0 61 2
0 86 1
0 50 2
0 64 0
0 11 1
0 95 2
0 56 1
0 89 0
0 67 2
0 70 2
0 1 2
0 35 0
0 52 2
0 37 1
0 21 1
0 36 2
0 7 2
1 80 1
1 27 1
1 26 0
1 11 2
1 61 2
1 6 1
1 89 3
1 76 1
1 52 0
1 99 1
1 36 2
2 55 2
2 81 3
2 42 2
2 3 1
2 70 1
2 53 1
2 32 2
2 98 1
2 95 3
2 38 1
2 5 1
2 78 1
2 64 3
3 23 2
3 57 2
3 80 1
3 90 1
3 11 1
3 51 2
3 8 1
4 17 2
4 93 3
4 15 1
4 42 2
4 39 0
4 46 1
4 58 2
5 40 0
5 34 0
5 30 0
5 29 2
5 8 1
5 54 1
6 78 1
6 50 3
6 11 2
6 18 2
6 31 0
6 8 1
6 35 1
6 41 2
7 18 1
7 75 2
7 68 3
7 85 1
7 29 0
7 40 2
7 13 2
7 23 2
7 22 3
7 26 3
8 16 1
8 22 0
8 14 1
8 93 2
8 21 3
8 44 3
8 76 2
9 19 1
9 38 1
9 20 0
9 5 0
9 6 2
10 94 1
10 57 1
10 67 2
10 68 1
10 3 2
10 45 1
10 49 0
11 34 2
11 71 2
11 6 2
11 83 1
11 80 2
11 47 2
11 62 1
11 17 0
12 48 1
12 21 3
12 9 2
12 16 0
12 74 3
12 73 2
12 23 1
12 65 3
12 63 1
12 67 3
12 96 1
13 52 2
13 53 1
13 65 1
13 10 1
13 97 1
13 9 0
13 43 1
13 70 2
13 14 1
14 34 2
14 52 1
14 71 0
14 72 1
14 60 2
14 89 3
14 67 2
14 33 2
14 73 2
14 64 2
15 18 3
15 69 1
15 28 2
15 43 2
15 54 3
15 93 3
15 87 3
15 29 1
15 44 1
15 85 2
15 81 2
15 76 2
15 45 2
16 2 1
16 25 2
16 38 1
16 33 2
16 10 1
16 35 1
16 21 1
16 19 1
16 17 1
16 61 0
17 39 1
17 1 1
17 37 0
17 7 1
17 64 0
17 36 2
17 44 1
17 47 1
17 77 2
18 70 1
18 28 2
18 41 1
18 99 0
18 56 1
18 42 2
18 14 1
18 96 1
18 21 0
18 30 2
18 71 1
18 86 0
18 2 0
18 17 2
19 57 2
19 46 2
19 56 1
19 92 1
19 80 3
19 26 1
19 22 2
20 44 1
20 58 1
20 79 2
20 66 1
20 17 1
20 33 0
20 54 2
20 57 1
20 67 1
20 50 3
20 99 2
20 78 1
20 19 1
20 85 1
21 6 1
21 4 3
21 9 2
21 44 2
21 91 3
21 85 2
21 19 1
21 15 1
21 57 1
21 99 3
21 23 0
22 87 2
22 54 1
22 46 2
22 18 3
22 50 3
22 25 1
22 56 0
22 70 1
22 48 3
22 59 3
22 1 1
23 2 2
23 45 1
23 51 1
23 79 0
23 57 2
23 83 2
23 93 1
23 38 0
24 60 0
24 22 3
24 64 2
24 83 1
24 90 2
24 37 3
24 36 0
24 75 3
24 30 2
24 66 1
24 15 3
24 34 1
25 21 3
25 5 1
25 33 2
25 95 2
25 57 3
25 61 2
25 93 0
25 90 1
25 96 3
25 31 1
25 11 3
25 52 1
26 60 1
26 7 0
26 35 1
26 21 3
26 6 0
26 57 1
26 98 0
26 55 2
26 58 1
26 16 1
26 39 2
27 13 3
27 82 0
27 0 2
27 49 0
27 11 3
27 83 2
27 2 1
27 41 0
27 21 2
28 60 2
28 47 2
28 69 2
28 74 2
28 86 2
28 93 1
28 40 1
28 53 1
29 68 2
29 47 2
29 61 2
29 55 3
29 85 1
29 83 0
29 33 2
29 4 1
29 70 1
29 35 0
30 29 0
30 63 3
30 8 1
30 90 1
30 57 0
30 12 2
30 85 2
30 61 2
30 4 2
30 10 1
30 89 1
31 67 1
31 88 3
31 38 1
31 39 0
31 30 2
31 18 1
31 27 1
31 53 1
31 84 1
31 11 1
32 94 2
32 24 1
32 86 1
32 54 3
32 76 0
32 56 1
32 50 1
32 35 2
33 28 1
33 9 3
33 68 2
33 98 1
33 96 1
33 58 0
33 79 2
33 82 2
33 59 2
33 12 1
34 32 3
34 22 3
34 48 1
34 30 1
34 91 2
34 4 1
34 46 3
34 81 2
34 72 0
34 37 0
34 11 3
34 24 3
34 69 2
34 28 1
34 90 2
34 86 1
34 66 1
34 27 3
34 44 2
35 72 2
35 92 1
35 98 2
35 81 3
35 25 1
35 99 1
35 17 3
35 32 0
35 21 1
35 5 1
35 9 0
35 94 1
35 34 2
35 91 1
35 37 2
36 62 2
36 7 2
36 33 1
36 11 1
36 44 2
36 83 2
36 51 0
36 31 0
36 4 1
37 51 2
37 46 2
37 6 2
37 57 2
37 1 1
37 14 2
37 89 2
37 33 0
37 83 1
37 3 1
37 96 2
37 48 1
37 66 0
37 74 1
38 25 0
38 8 2
38 37 1
38 34 1
38 95 1
38 2 2
38 62 2
38 47 1
39 33 1
39 56 2
39 67 2
39 75 3
39 24 1
39 90 0
39 68 3
39 15 1
39 81 2
39 35 1
39 59 0
39 14 2
39 78 1
40 66 1
40 94 2
40 19 1
40 48 1
40 64 3
40 99 1
40 63 3
40 68 2
40 83 3
41 71 3
41 65 2
41 99 2
41 31 1
41 44 2
41 43 2
41 77 0
41 33 2
41 96 2
41 10 1
41 39 0
41 7 2
41 0 1
42 29 2
42 92 3
42 90 3
42 62 2
42 72 0
42 57 0
42 39 2
42 61 1
42 79 2
42 18 1
43 53 1
43 31 1
43 27 2
43 70 2
43 48 1
43 91 1
43 1 0
43 32 2
43 54 0
43 84 1
44 57 1
44 36 2
44 3 0
44 16 1
44 11 1
44 17 2
45 23 0
45 89 1
45 68 2
45 26 0
45 94 2
45 51 1
45 39 1
46 27 2
46 45 0
46 57 2
46 70 1
46 38 2
46 23 1
46 37 3
46 43 0
46 14 2
46 81 3
46 15 1
46 0 3
46 44 1
47 25 2
47 16 1
47 35 2
47 44 1
47 23 1
47 14 1
47 80 2
47 85 1
47 15 1
47 40 3
47 74 2
48 69 2
48 35 2
48 83 2
48 38 1
48 29 3
48 15 1
48 91 2
48 34 2
48 57 2
49 69 2
49 42 2
49 3 2
49 89 3
49 45 1
49 75 1
49 19 2
50 49 3
50 66 0
50 95 0
50 47 3
50 57 2
50 38 0
50 69 1
50 6 1
50 16 0
50 55 3
50 35 2
50 54 1
50 25 2
50 59 1
50 32 3
51 19 0
51 38 2
51 7 2
51 82 0
51 84 3
51 69 2
51 97 3
51 43 3
51 47 1
51 74 2
52 19 2
52 62 1
52 37 2
52 78 1
52 60 1
52 38 2
52 16 2
52 6 2
52 93 2
53 38 2
53 36 0
53 88 2
53 65 2
53 64 3
53 14 3
53 48 0
54 63 0
54 47 3
54 6 2
54 4 1
54 1 2
54 87 3
54 84 3
54 8 1
54 32 1
54 10 1
54 37 2
55 36 2
55 24 3
55 76 1
55 52 2
55 79 1
55 15 1
55 53 1
56 3 1
56 44 0
56 7 2
56 54 2
56 88 0
56 21 0
56 74 0
56 22 3
56 11 2
56 72 2
56 79 1
56 93 1
56 75 1
56 40 2
56 92 3
57 42 2
57 59 0
57 24 2
57 51 2
57 98 1
57 4 1
57 82 0
57 36 0
57 8 3
57 83 0
58 15 1
58 90 3
58 19 2
58 83 2
58 91 2
58 6 3
58 5 3
58 8 2
58 42 0
58 25 1
58 47 0
58 35 1
58 92 1
58 14 0
58 74 1
58 34 1
58 88 0
58 48 3
59 9 1
59 5 1
59 3 0
59 13 2
59 41 3
59 88 2
59 81 3
59 1 1
59 73 3
59 60 1
60 14 1
60 9 1
60 32 2
60 56 2
60 83 0
60 23 2
60 47 3
60 82 1
60 88 1
60 0 3
60 55 1
60 29 0
60 89 1
61 84 3
61 81 0
61 93 3
61 23 0
61 92 2
61 69 2
61 44 0
61 57 3
61 9 1
62 36 0
62 85 2
62 70 0
62 13 1
62 43 1
62 46 2
62 77 2
62 75 3
63 45 3
63 89 1
63 91 2
63 80 1
63 70 2
63 97 3
63 47 1
63 98 2
63 59 3
63 33 3
63 36 1
64 77 3
64 63 1
64 26 0
64 75 3
64 53 3
64 61 2
64 98 3
64 4 1
64 8 0
64 68 2
64 94 2
64 79 1
64 46 1
64 39 3
65 79 1
65 34 2
65 80 0
65 20 2
65 18 1
65 85 3
65 28 0
65 27 2
65 58 0
65 41 3
65 81 1
65 57 2
66 83 0
66 4 1
66 94 0
66 62 1
66 45 3
66 91 2
66 21 2
67 15 2
67 64 2
67 2 0
67 48 1
67 52 2
67 66 3
67 63 0
67 5 1
67 68 2
67 71 3
67 47 1
67 65 0
67 75 1
67 11 1
68 62 2
68 41 0
68 69 1
68 5 2
68 64 2
68 33 3
68 15 2
68 63 2
68 78 0
68 0 2
68 1 2
68 54 2
68 25 2
68 72 2
69 43 2
69 35 2
69 26 1
69 83 3
69 21 1
69 44 2
69 7 1
69 86 2
69 10 0
69 66 3
69 3 2
69 11 0
69 58 1
70 67 2
70 38 0
70 75 2
70 97 0
70 46 1
70 49 2
71 46 2
71 66 1
71 68 2
71 12 1
71 81 0
71 53 2
71 27 2
71 94 0
71 61 2
71 56 2
71 2 0
72 12 1
72 33 1
72 45 1
72 40 3
72 46 1
72 64 0
72 68 3
72 89 2
72 20 3
72 29 2
73 51 0
73 67 1
73 85 3
73 86 2
73 38 0
73 83 1
74 3 1
74 84 1
74 43 1
74 1 1
74 47 1
74 52 2
75 26 1
75 7 2
75 55 3
75 37 1
75 40 1
75 54 0
75 77 0
75 47 1
75 68 3
75 5 2
75 0 3
75 41 3
76 8 1
76 73 0
76 20 0
76 97 1
76 45 0
76 52 2
77 88 2
77 41 3
77 99 1
77 74 2
77 98 0
77 22 2
77 95 2
78 56 0
78 74 2
78 96 3
78 22 3
78 20 1
78 29 1
78 72 2
78 13 1
78 33 2
78 25 3
78 58 1
78 37 2
78 14 0
79 3 3
79 19 1
80 33 1
80 83 2
80 34 2
80 78 0
80 39 2
80 7 3
80 36 2
80 17 1
80 82 1
80 97 1
80 64 0
80 88 1
80 40 0
80 62 2
80 35 2
80 14 2
81 97 2
81 86 1
81 33 2
81 2 2
81 92 3
81 83 3
81 91 3
81 88 3
81 15 2
81 35 1
81 14 3
81 41 0
82 10 3
82 74 1
82 23 2
82 77 3
82 8 0
82 80 2
82 93 1
82 85 1
82 28 3
83 13 1
83 11 0
83 96 0
83 24 0
84 90 1
84 19 1
84 57 1
84 78 0
84 95 2
84 29 2
85 99 1
85 62 0
85 91 1
85 46 1
85 84 2
85 78 3
85 65 0
85 14 1
85 39 0
85 25 2
85 20 2
85 4 0
85 66 2
85 9 1
85 75 1
86 20 3
86 16 2
86 57 0
86 79 3
87 84 2
87 22 2
87 33 1
87 51 3
87 62 1
87 29 1
87 88 2
87 6 1
87 78 3
88 58 2
88 8 0
88 60 3
88 86 1
88 27 2
88 74 1
88 44 1
89 11 1
89 21 2
89 78 3
89 93 2
89 13 2
89 46 2
89 81 3
89 50 2
90 24 2
90 23 1
90 17 2
90 88 0
90 60 1
90 43 1
90 13 1
90 66 1
91 87 1
91 75 1
91 92 2
91 58 3
91 28 0
91 27 0
91 19 1
92 75 1
92 12 1
92 5 0
92 80 1
92 43 2
92 34 0
92 77 1
92 38 2
92 97 2
92 21 2
92 69 1
93 30 2
93 1 3
93 35 2
93 72 1
93 13 2
93 12 2
93 33 1
93 53 0
94 56 0
94 39 2
94 50 3
94 16 1
94 2 2
94 86 2
94 66 3
94 5 0
94 34 3
94 9 1
94 95 0
94 32 1
94 17 0
94 19 2
94 44 1
94 0 1
95 7 2
95 44 2
95 4 2
95 17 3
95 96 3
95 33 0
95 60 2
96 87 1
96 65 1
96 66 1
96 78 2
96 39 2
96 34 2
96 10 0
96 44 1
96 58 0
97 90 1
97 15 0
97 16 3
97 53 2
97 45 3
97 68 3
97 93 2
97 4 2
97 28 0
97 17 2
97 84 3
97 87 0
97 13 0
97 61 2
97 83 2
98 20 2
98 70 2
98 14 2
98 19 3
98 90 3
98 85 0
98 6 1
98 1 0
99 76 2
99 85 3
99 62 0
99 15 3
99 53 2
99 60 1
99 32 2
99 83 3
